[gd_scene format=3 uid="uid://ldvugv1ymel5"]

[ext_resource type="Script" uid="uid://b33tgnguapm1l" path="res://Scripts/Battle/battle_stage_3d.gd" id="1"]

[sub_resource type="StandardMaterial3D" id="2"]
albedo_color = Color(0.18, 0.18, 0.22, 1)

[sub_resource type="PlaneMesh" id="1"]
size = Vector2(12, 8)

[sub_resource type="Environment" id="3"]
ambient_light_source = 1
ambient_light_color = Color(0.4, 0.4, 0.5, 1)

[node name="BattleStage3D" type="Node3D" unique_id=1081211531]
script = ExtResource("1")

[node name="StageRoot3D" type="Node3D" parent="." unique_id=2083257099]

[node name="GridPlane" type="MeshInstance3D" parent="StageRoot3D" unique_id=1442593704]
transform = Transform3D(1, 0, 0, 0, -4.371139e-08, 1, 0, -1, -4.371139e-08, 0, 0, 0)
material_override = SubResource("2")
mesh = SubResource("1")

[node name="BackPlanes" type="Node3D" parent="StageRoot3D" unique_id=1235944652]
transform = Transform3D(1, 0, 0, 0, 1, 0, 0, 0, 1, 0, 2.5, -4)

[node name="MidPlanes" type="Node3D" parent="StageRoot3D" unique_id=912643076]
transform = Transform3D(1, 0, 0, 0, 1, 0, 0, 0, 1, 0, 1.5, -2.5)

[node name="ForePlanes" type="Node3D" parent="StageRoot3D" unique_id=1113872642]
transform = Transform3D(1, 0, 0, 0, 1, 0, 0, 0, 1, 0, 0.8, -1.2)

[node name="Units" type="Node3D" parent="StageRoot3D" unique_id=975392497]
transform = Transform3D(1, 0, 0, 0, 1, 0, 0, 0, 1, 0, 0.5, 0)

[node name="FX" type="Node3D" parent="StageRoot3D" unique_id=2012004470]
transform = Transform3D(1, 0, 0, 0, 1, 0, 0, 0, 1, 0, 0.2, 0)

[node name="Lights" type="Node3D" parent="." unique_id=1222693393]

[node name="SpotLightLeft" type="SpotLight3D" parent="Lights" unique_id=1205364186]
transform = Transform3D(0.866025, -0.25, 0.433013, 0, 0.866025, 0.5, -0.5, -0.433013, 0.75, -4, 4, 4)
light_energy = 250.0

[node name="SpotLightRight" type="SpotLight3D" parent="Lights" unique_id=879760584]
transform = Transform3D(0.866025, 0.25, -0.433013, 0, 0.866025, 0.5, 0.5, -0.433013, 0.75, 4, 4, 4)
light_energy = 250.0

[node name="Env" type="WorldEnvironment" parent="." unique_id=233954106]
environment = SubResource("3")

[node name="Camera3D" type="Camera3D" parent="." unique_id=684866395]
transform = Transform3D(1, 0, 0, 0, 0.90630776, 0.42261827, 0, -0.42261827, 0.90630776, 0, 5, 10)
current = true
